$ANSIBLE_VAULT;1.1;AES256
35393963313838626362393662636564353932343061316637613137383465653934313137306635
6565633565383336386434633232626164393366386363630a366635366363363534343939386265
62643334373931613862366330636665626263656463643332623836363630366539316137613536
3861303339646563390a373434303437623761366164373264396362666433373139336262326266
36613331653264363336663962373363663632386462656334303866396432643466353337353935
61383538613862653031323035666465376233643037326561633066666566353232663733616366
65383465613537323432326333336662323233383864643539363232646566386362633835636562
65376436643236303338653635323035656437393932656233373936663965386134363836373563
33323832393265653033323264393065653337353134343761366664616265636365633735386438
32393662356332656435386561356433303564326366386131646162643431343730393663333233
66653430656536326137363735313236666336303737626437626661393134353733383032633662
36623333333132316531303438373664646462376437393431323739343835323736643261363732
61623534653634386335623035313262323835383966386635633333306632353563393964346666
39636136343537316232636433346233363165613865323533373361373031396330333063633631
61313239306365316664383334613630303237313536336635343164666234656435373563333836
34353736376239343734343962653530656431393863363130333436346537613261386638343535
66666266306238333865346266396132623633353135336662663031373037306662623365376632
38353030343666663033376234323631343064396365303439663732383961613830376633336435
37666163336165363764363434663461353731626563373534333066303063306362343364366532
62336334323130663338383731636632623430626335376466393733646465386336393033326131
33636135356334363532336462336632623537393561303564643538396637386361653937353736
64663761333436383261336564366266323538653564313565663537333336636166653537636565
62633334373864316335626332623435303932633539383966613234363130633162656539373733
62353465366637313761643630313163343538616233653062373966326635636234623633326263
35373635653865613366386136393238626439316431646436306433363438353162323166316566
36656336343330326236666665323235636634363063656433646239643934396535646465383766
62613562333639336634343361383461386531626638663034613138636239623834343334656265
61346430383834363536386365613135343738396230396432613037396437663732663539623936
35633734636633363839376336373065633062636661303039356339336161626434363039363066
37373933326362393662633238323038373138323436396231383739386564636234613736336664
39346166313737623733356262363638656266303737666561383634393032343332343365623037
63376561666262636635326238356262613839306439323466393266653163616364613464376266
35343763313930353763666366346135626331613762373634303135393865626234313138633538
33633863613739373035623434613437336266336361666665333964323036636664626433336437
36663733366364636336636231646535356661353134366239616235393966663232363765336638
36633361326630343031666361353537316638633964356663333161343061613535643065633761
61666533343231373433663033343833633039336637376665323863303762616661643733313165
62653665363830323736646263663363643463653738616539373562663135383661353362626137
30313135623439333036323635363637386338386538313364396636313262336438626133396662
65336137616531613532663435336162626233663939396332353731396230373663326531643365
66326634303035306135336434303335386132393533343939323732373732363130363832323366
38666465376330323637663536363333383730613634316131623164633435643963383063353136
38633230383538333132313833363933626236363931383761373237626438633562356538313735
33633562643633353566636162303162303132326332333265343038343333643036336166363533
37626661613937656566623137346238373261346264663537326661336566623633613138303461
33353231333133373562663630636264313439383536616430643632626265346435336630383362
38326363386562383134613865623335666336303434303938363064303563636161663430633334
34353463376431376130636337316334383935643665393964386366653864333839363838303134
30373661343163633261396561353831623133656236393165663131656363643964653834626262
37373761313361396337323161393266313531666431656634653533653237393365306634623539
61363339383338643265323434353662613561613861653235306335653834313339396636333864
34396637653130363761393562626436653438303433306366653039343633633066363566333333
30393936363832623938333734356533666432346439396438316563633766623965313065633763
37656663313036616136666630366433643565353135666261663137353338663438336437656231
62363964643933303639333836643865393236646261633030633038323462383264643639386461
32663838393830323935396430613163656338633038393739333036393239316231353630663365
39633039613164323632613862366165646333393633636633373965373931373139656262616662
61636439646563643131336662396635316631353962386433343730356166633538316235383136
62353462323134663437343864386139356261383037653164303761343939643061383238666563
33343236376163346361363939326538303635643236393066383666633463616566663831656165
35616562366562316430653932363164303130336534653837396232663762396664393264373538
30333461396634323431323131626166396566623432356536383163366433666536356463646334
35303663373530333630373030636161343732326634653239626635383665623835326535663632
66316130383661323036306361646335663934646439626463323563323135396136383561653731
36313137366338333061396265626434396538643139626532636637323838363064346137353634
36343764623362356664663161386235376634323131376133346637653833626662366266316264
32333237656538633532373933633139323730316134396663613964326463363035346662613166
33623435616136346132366466643437306432366436663930366533323833613433393761666666
39393832383033633530376133653361616336346464396134666264623432356333303663623462
36343233393039366239343138623932303838363265346233303466373862626631336561343430
37646565383836353939653438613839353737653336303064643265636566386535636631623834
61386231346665616164396132373039353065326531303466636439663164613536343362346138
65333336623737333165343336323938373165633463636634633736303631376133646337306261
30363136363161666139323863653735303762353432346164316635636532383265366438346338
34346333656331383639623830316232333263363132646438643635306239333132303438373834
32333531643566626132656339393263623038613366653766376234646331663265313937623836
31643934646335626333376364646134656633623338383136623564633833313234613635396435
63363835346337333563363662623439396237633038303630613738336363306661636632303763
65313736373661626161343336653332363065356637656332646334386633656539373832376366
36636639316261376561623838356432643733623930613539343132323036623739633162373730
36626435643263643761303664393035646634386365326661626633393766303330646534346635
39663734396362316233626365333465656537666238623637346431333939376366623763356333
66333463323334616463643135393738363862663834313537393362393837353536353234326665
38333637376162613838373365343461356533376132343136376430343065643637353139356530
32333533643466336431656661383036656562376237393762613639623865383839323130373231
64346238326230393639613034643564333466393935643963323333613563346130663736666538
39306335306331383164626661666431633837393633383561616634636339353862616364386139
61643038363038353930663333613762643063623633326566643033633365663032306432646465
65643136633431336131323331653039336639633033316363353637313235346135373762383363
63623933363336633138323337336663346332623162393434313830633030346164616434323461
39323833343164613730613530356661373031313339613333326539363161386463333632386330
62336166396538363037353637383731613831343239393238656533623536336538613635643865
62653336663638636137656666646630366334653233333230663230336131646532653534396339
33363264613331303066653639356538323633386537353861323230356136616161386132383832
38303930333335326238356430613564396363386331626165363433396137303637383732333834
61643662613861613963646332323565313964313537323338316337396465666263653862343830
39356435393039666133376464643761613939383436636463346330313134653564633431396132
36386664366562303564626139333738373032653661316230346665663362333739616135363236
31633866643562393938653334613935663435666631643663383932353733663037653762386238
34313261393539313864376531373539653138333239373366613330646566393465383763356239
31336337333763336135633838376534623135623162386465626331623338363939396137396337
35373938393736633531383536613565396134336366306163313038613331376235633962336231
64636130666632633130633030653530373734303464376566356338636262626331613230363765
33383630353131333730313232623434656432653063613233333037383435373937363263396137
34383262653137346131346334626531343965633466393930383338313766393734626566343931
34633565366635626136333365303235333731623539636436303837333535383232323965396462
62643930316230636635396337313364346661646338316566663532633561613636333466376338
36336130346631636639313338383739636230626164646261623634663433336665643930363464
63373762633563626238363237663661376162336561383236393637383635373135386333633539
33386136303965346533333065656539373334373564323265333664653265636437666363613832
37373966396362613339633433343233313938353234376463653731343465376666363935363061
38663763666262653665313130656232333766666136336338633835313063333334616238306563
30613335666430373530663834666336373565663961316634333735303731383564623331643530
33353363633438666538346464613037376265373761623037653961396666336436663830313537
64313639303537383162613035366562316439353035633463343966646237356238323837346162
39616161313335393232353530303464663064313364316630323733386263383966323633336462
66633635396637666635616538353466343033373935633266313465633062653766313536346330
37393635313562306465646436643732616634616662386636333065646463363630326666383133
35613966393361666639333935323530313866396664306565666164646365396535353563343436
61626161363233356533633935353237643636353961383364353736343363333133656435316235
39386162316463333739373762653963353964396363363031666130363731633133326438373763
37633262373765333865336436306339626239666430653161613065663665353032343130613431
32666437393864313733646336393832356162633930313066363732653064633630303630346438
32366661373366633130366337373636363264353238353131336333646435633061353531363336
33626139333662393732333865336138633663666466306163623338393135353865326136306362
30653634323231643234633066326132343564393534343366643666626164363661346139623239
32666663323336313766313765316530383166373261306231613166346664623738633235366266
32316432363337663661643437386132363164343833646564336464336364626462393962646231
63653831356631323964386231363866623137306261663239306233386634636130623163653534
66316533313666623263393036646132343664396132353435393937646533643462323035383961
34633131386631393031643163373236303935313739636232323635643538316535346137613265
39396437643162643463316562343338303636303334383233383664633337653536643334656338
31613035356261383832346366343838623134353163663664303730363665663333356663373432
38393535336265653532336563653662396439383136663562663239373734623765386439393064
61653431626132636231396561383034303762653631393833616464633763616363396464313863
32653465383864633839643135353036363661656136643732306532633763656464303334383736
35373130633439306336623562656239373834353630373335646437353566653636346433336537
38383466653963616663303034353137383438366565643235653435646463356132363538633862
65353463353964613134646431313537346435373062386435373930346330663739306234326233
66316638653134313435613763336639646164363830616439396237343138353330306434376532
65323663323630393765636332343033363239666563303764353035336365343431363136346165
64373935383131323962616236376137663061376337386162636233313965313733613163643137
64383966306435343533623461313835383639346166633132373832383737333137306361316535
34333633366432333035346339386366383730386130643735623635356165643530653966396134
34313363656130393536663337386235336232346133666634313739643538663561356336303235
32626234326433646463346466353034613439356564373735666232366536653232386264343565
65643566616139366136303736326163333438343831323463323831303734333664663135633734
32396535386665613761386338323264666562623761363963623539363535326231636232623962
30373336646232643338333036613166393936336537613038646261366163633065363965353164
37306162346638633565636332383235353333306165346637303335353561303861393462383732
36346265663162373833373464653637376339333865326361656666613161343535663464666362
65656331333838663565636263363761333337643939336239336264383537366636303464653835
66393162636139373765646262396530663761326233653132356635326533636430393966666163
36633836386361366336376333313932633134323862386138623661356464373132373062313735
38653936376339323733663766393532333531626239363632363636626436336337383730366334
38663065373839666335626633613637633235636231316632616236356565353361316239373338
64326463333831326562316531303862353435336162646566333838343835313235616334353664
64353132613038663639373564623961373266303437613839646363363661653930323138643063
65363034376463663461616337343539353331313835356634346230303439633239636437656634
37333833306538323964316265623739666363386266663366633334613361386639643535373238
63353437643133333139323039663038396234653363353133333162613861636262613765333933
66383936333837613531386433323031663536313430323339333364613764633161373431333262
34393261373638633166393837356564333635333933636637323139323861316666366562613963
36393562646232303331346639356630663065363138363963336163663530343462386564303965
38653039623066373632636337363162663336613766343630373863383839663832326436643465
63663362633965393865363830663839313635346336663438623166656534336434373632653838
37613166663732363335323766313035663234303663646464343062383231366530326262303838
62313837333234383164663732366337323535333766613837393334313661636531633932313833
63383865646532393364623832663563613638343639373834653336313734646437373533616562
39366363626437326261323937363663323430653766613762336135643934396266373738653234
34623533343535623735363432613932323332383234666231373565376462666234356434383436
39633665323866633830383132303034383764356262396137323464363338333765383930306663
63663538656562313937363131343237646364646535393033663863633564636237336134373031
39633135376462663732396266376465616237343562663837616466366436613031376535623363
65393331346333663138303066616265336565313031643462363932363534393538633065633134
30366439303662313261383563336633393366386639396437356432643131343864663131616637
63386363663832306237653161333836396665616634306261326133623932633835333233653265
64396330626436663866653465623033343266616338363937663734616565386364666337386436
38363037393331343665326434656165633366366161633866333537626238353139663336356334
33343538616130663833393933303062646364316537616535323836653066343232356233646633
35636162663831616465336266666661646633396336656631323139313965383437396132336432
61643831316635343937643065623034373662656565373832376133383332396162313264346461
62313533336362313462636432613937373462323638643166383562343236363735656338353533
31393730303665633666383730316266393933326639316662396266306463343430383433663363
66633036383231356434633666386436353166653835303137613838333539396535346434356134
32386437666439656332373661313236633235613463353061323739333830303761663531333061
34396565313434346435363031353938646637643338646262386132343061343263303063623731
35396531656463306636373834373532383236393934613566363335326364383431343066323466
61383730373663323865353262643238346166383237373131363234383832323136396138646438
33333231663032373865303831336664343265663962326439636330316266366235373263306563
34313839623364386231323337666265303339376565393230363866373631636536373034376632
31626337363366633232373537323532383239613930396662343338343834626233333366323635
37613863346637613464623165343739616234353338643462313538663362643663636666393035
37613530656561643764363034346232396635393765353363616263326261333933616434386637
62333438646531626166626131333636663738366133353734663334313738333930633166613533
32653162666263326163656639313261323565656164663161323732643730323265383361383563
38373431616234393766613862353933343830643136373531333461353865306564356162653763
32393935316336396631383762626263393564626165346536343930666234343763663439643762
39333437333739386636616233656465666665363532346264646134666539323835343238316436
39623065633733363439376634313762656434376338633736306565393033346465356135336365
37343937393161343930306661323864323137646366663636666337303030376265363363323334
36306631656132363937383738363062373262373861366137616361643761343539386333373736
62356666383333613466383938326237633836373963666334373562336530356634663137346665
36333264633261303262346165613931613364383534343338653730356236626239353366623262
33366137386161326566323834303764663061353536623762373061393039623363613637653164
38346265303634326561386464633764393936326261626131346263343165313366353530633336
32393731323364323261313833376465353066396662616538373034653837643533396464666637
38383338373734383964653136323263316534353666663830333539376461323131616565633139
34366134316537643763373236633831636335666365623537363634343761653835373862386366
31666463623230643765643866393631326539363636366263333762303063666332376264666364
63343532303232663963323837363062656464666130366635666236613430623934343161396635
63633162636365313266333239623033316335636164333063336135623234353262353333343039
34346361623933316466383237316261643232626162633637633066303031613866393865663535
66363062303030393531663766383966626361353339643733316133396365326632623662613461
36353861623031363435636164393264386263336164643636386261376630353566356165336565
35653237653835396636323938653333393037616435663839643035626135363066333863353762
31396237643163303763393333396566353131303064343334616261663138383231333262643264
34643463353632313265343665363139666638653437626664333536646562633066616537666264
64393230646161643836383461613763333466303161303936626231613865653930336633343939
30363236343430336662353139323831333961613530316165646366346661356532616131316166
35353966316131663761623337636462386137313638613633636336623530373363666638623739
36626337306139313731636562636363313766366638636634346236333037633532326465643232
62306137363130306334623030393234313463666564633439303539353037623832663838336165
64303466373032646530396636313266383237396562393864616532633433393130333731323230
35663561326163303561313336373364623231323664623565316436663734623437613330363136
66653366643265316632323461616334343338376238643761643733303739373566386261666461
62343536666538373965616663633939623161396430643438393163383361356464643363343131
36326163666661346337613534636132643735663061633034356130623365373164663331623766
66333736343666643831656534313834343761336266306332393835316565373837633865643330
66363363353661366662346438313265346131343034346535396531373665653063346466643438
30306166666633343331656234313562396363363062313435656662633938393332616337363633
64333265636534663164633863643062383266343463616663616361336439313039663030343133
63353534366364343761353262663239346566643661663138643438393462396639343030376266
62643735376361313335383539316261653634373230653737336539633634303331633938633833
66353832326337366661633562636439383838366136656639396234636531623765376437313764
39383662633731393536333136383334363965663235316332363332356261653430353133366162
64666330616434643161383033633165303633636438393462386664366134383962306161386662
65626434613434613762383461646232306333326665303539653938323663626435313166643831
66396165656533613432323263373162633764333136666533373761383537623864643034613666
31343662376237383036353066356562376164336362393563613230313337613831653036663661
66666461626364386666643034313833316336316665643432633332346164663662333931386436
64363235643163363139353761303734316236353432656464323561623266323164343934393062
61346630666536646531643161316532316164616466636231643232633431656434373331383163
66356633353038316236396432633639613035366530316231383165373765623461353132623961
64633537666536353062323231303439313233643838636333383338373833383035303730626138
38313966396531343364616564646330323830323932333235666663643462303530333235663131
63323166643564303139653833636638643561376632613231323632336535316330323537353838
38333566656130656633303261353639633239336632353138353166613266356131303033623238
64356366363933323364386532653966343731613131363163313232313262306165333139656365
62346166636131643334666464393634653633636361316637353135633333613764316338393065
36323365663262613666396166663134343937666362366236353139653962363331353134333531
30393532626337653731343733376437396564356565396136323064366134643563396533336237
36333136623935336261376134333964653164356566363531373965346362316139323038366234
39396438376438323764653033646436343561376535396461366238313139383637623431373661
35306266393638356139656564613964383263353861666335333234336462663436333538636337
66646637383262333330653138636138376638326639313032386138646632306266613965633261
63376338366661326464356537613235656332393836386237303935373032666438626230623633
61616366303537326466343735353466366230316166343031656339353633333865653133373131
66653731313632653737623762313634646633336339656362386466346166663165366533343763
37346339613630633233336339633362396232333233643235333537393038313065636635366538
38363238653931643436646261636662346463646663633535656535393939316633633333393333
35393435633332373233383338313839663339643765363664646237663836313137633361396634
35343164613232353938303363653833653163376666333730653432336466613738323932313130
30643337333366366464393065373536666535333130623736646265363430333134356138653538
63653436653631663832623837616562346337616663613337643337653666353737633263333861
33306365303336663462613661383037616562376236613363353163363139656361303835393334
32643637636634666164646333656132386262343330363531643964306135633162616635393065
37343333623634653834386131626531623735613565326163646137353636396430376632333561
65633430633764646362646333313661333634373862366630303762346431326434373536353363
30363061373930623738396265633161323063666465623636303534333065383636396464316439
61333633636163323436383664633164346632313037363365373930383166646263373936386437
39373561636365643166343933313233366164323362396261366637326138326539346266336461
30623035316264636163316534623466623834393366306262663765626330376666636565613562
63383330303433656465633566323437656438343233613465306463326236336663383864633565
32303532313833343963373530323330303065613831326261363639633866323864313039336331
34656439393834356634653861623164663662393131623735346230366661646431363032373966
30363138373963313837323831653261366333393730383965336634663937616431393237313666
63613033633661373530653338306139303639653761343866383664616233636633633466333637
32373761316635646338663133383763303864383830656333636134333061323061356230663563
61316637383833623431663431636632353933613439303434663838653731303530343838313364
38663831646331383834396364656365386465306563653863623466376438626535623137643064
61353566313463393430336364303933396564623832623036336335306630323866653462363738
36373030366361613138643961316165366564333761376661653532633634366537613733383537
65363431616264323464386237366332643132326333363865376331663433383863376336316266
34613533633462643462326566366166333834333733393462303635373237663138346562303939
61376431616131613031633033666233643237623330323331303066353361613066326263623566
32656664343335643561666637613239343637323064346563346538346236366262303434656564
37376436623965616164326464333364376364653936393932656662303737326330396162353139
33623566613833616138643731386534353630316634323238346363313864636361616535373365
39626462336538396338306265376565323034366534366634653261383361343233663736313736
63363834353536633634616133666635633033386334306235353438643265653131353232393435
61663635653965353731383333383563353465623363626566343462636630623366653536383038
6434
